{
 "cells": [
  {
   "cell_type": "code",
   "execution_count": 48,
   "metadata": {},
   "outputs": [],
   "source": [
    "import pandas as pd\n",
    "import numpy as np\n",
    "import scipy.stats\n",
    "from scipy import linalg\n",
    "import algoritmo_ncm as ncm\n",
    "import sys\n",
    "import os"
   ]
  },
  {
   "cell_type": "code",
   "execution_count": 49,
   "metadata": {},
   "outputs": [],
   "source": [
    "\n",
    "class HiddenPrints:\n",
    "    \"\"\"Classe que desabilita prints dentro de funções\"\"\"\n",
    "    def __enter__(self):\n",
    "        self._original_stdout = sys.stdout\n",
    "        sys.stdout = open(os.devnull, 'w')\n",
    "\n",
    "    def __exit__(self, exc_type, exc_val, exc_tb):\n",
    "        sys.stdout.close()\n",
    "        sys.stdout = self._original_stdout"
   ]
  },
  {
   "cell_type": "code",
   "execution_count": 50,
   "metadata": {},
   "outputs": [],
   "source": [
    "def gera_matrizes(n):\n",
    "    #Devolve uma matriz inicial e a que queremos achar a ncm\n",
    "    x = np.random.randn(n, n)\n",
    "    g = np.random.randn(n, n)\n",
    "\n",
    "    #A matriz a qual queremos encontrar a ncm mais proxima precisa ser simétrica \n",
    "    g = g@g.T\n",
    "    return x,g "
   ]
  },
  {
   "cell_type": "code",
   "execution_count": 51,
   "metadata": {},
   "outputs": [],
   "source": [
    "def teste_solução(x,g,max_iter,tol):\n",
    "#Função testa se a solução é valida\n",
    "    x, iter = ncm.sm_ncm(x,g,max_iter,tol)\n",
    "    if np.any(np.linalg.eigvals(x)) < -tol:\n",
    "        print(\"não resolve\")\n",
    "    else: \n",
    "        print(\"resolve\")"
   ]
  },
  {
   "cell_type": "code",
   "execution_count": 52,
   "metadata": {},
   "outputs": [],
   "source": [
    "def media_iter(n,laps,max_iter,tol):\n",
    "    lista_iter = []\n",
    "    for i in range(laps):\n",
    "        x,g  = gera_matrizes(n)\n",
    "        with HiddenPrints():\n",
    "            x, iter = ncm.sm_ncm(x,g,max_iter,tol)\n",
    "        lista_iter.append(iter)\n",
    "    media = np.mean(np.array(lista_iter))\n",
    "    return lista_iter, media\n"
   ]
  },
  {
   "cell_type": "code",
   "execution_count": 64,
   "metadata": {},
   "outputs": [
    {
     "name": "stdout",
     "output_type": "stream",
     "text": [
      "13 s ± 64.4 ms per loop (mean ± std. dev. of 7 runs, 1 loop each)\n"
     ]
    }
   ],
   "source": [
    "# Gerar as matrizes fora do bloco timeit\n",
    "n = 30\n",
    "laps = 100\n",
    "lista_g = []\n",
    "lista_x0 = []\n",
    "for i in range(laps):\n",
    "    x0, g = gera_matrizes(n)\n",
    "    lista_g.append(g)\n",
    "    lista_x0.append(x0)\n",
    "\n",
    "def mede_tempo(lista_x0,lista_g,laps,max_iter,tol):\n",
    "    \"\"\"Uma função que mede o tempo sem gerar as matrizes nem os vetores,o resultado é o tempo\n",
    "    de 100 iterações\"\"\"\n",
    "    with HiddenPrints():\n",
    "        for i in range(laps):\n",
    "            x, iter = ncm.sm_ncm(lista_x0[i],lista_g[i],max_iter,0.00001)\n",
    "    return x\n",
    "\n",
    "%timeit mede_tempo(lista_x0,lista_g,100,2000,0.00001)"
   ]
  },
  {
   "cell_type": "code",
   "execution_count": null,
   "metadata": {},
   "outputs": [],
   "source": [
    "import pandas as pd\n",
    "import numpy as np\n",
    "import scipy.stats\n",
    "from scipy import linalg\n",
    "from func_auxiliares_ncm import *\n",
    "\n",
    "\n",
    "def diferencial_f(x, g):\n",
    "    \"\"\"Função responsável por fazer uma iteração do algoritmo\"\"\"\n",
    "    df = np.linalg.inv(np.diag(np.diag(derivada_clarke(x))))@(e(x) - np.diag(derivada_clarke(x)@sem_diag_g(g)))\n",
    "    return df\n",
    "\n",
    "\n",
    "def nearest_correlation_matrix(x_input, g_input, iter = 1000, tol = 10**(-6)):\n",
    "    \"\"\"Algoritmo de Nearest Correlation Matrix\"\"\"\n",
    "    iteracao = 1\n",
    "    X_anterior = x_input\n",
    "    X_atual = np.diag(diferencial_f(X_anterior, g_input)) + sem_diag_g(g_input)\n",
    "\n",
    "    while i < iter:\n",
    "        i = i + 1\n",
    "        print(\"iteracao\", i - 1)\n",
    "        print(derivada_clarke(X_anterior) @ X_atual)\n",
    "        X_anterior = X_atual\n",
    "        X_atual = np.diag(diferencial_f(X_anterior, g_input)) + sem_diag_g(g_input)\n",
    "\n",
    "        if np.linalg.norm(np.diag(derivada_clarke(X_atual) @ X_atual) - e(X_atual)) < tol:\n",
    "            break      \n",
    "        \n",
    "    return derivada_clarke(X_anterior) @ X_atual, iteracao"
   ]
  },
  {
   "cell_type": "code",
   "execution_count": 2,
   "metadata": {},
   "outputs": [],
   "source": [
    "import numpy as np\n",
    "\n",
    "def projecao_S(R):\n",
    "    # Implement the projection onto the semidefinite subset\n",
    "    # Placeholder implementation, replace with actual projection logic\n",
    "    eigvals, eigvecs = np.linalg.eigh(R)\n",
    "    eigvals[eigvals < 0] = 0\n",
    "    return eigvecs @ np.diag(eigvals) @ eigvecs.T\n",
    "\n",
    "def projecao_U(Y):\n",
    "    # Implementa a projeção no subconjunto de diagonal unitária\n",
    "    # Implementação de espaço reservado, substitua pela lógica de projeção real\n",
    "    np.fill_diagonal(Y, 1)\n",
    "    return Y\n",
    "\n",
    "def projecoes_alternadas(G, max_iteracoes=1000):\n",
    "\n",
    "    delta_S = np.zeros_like(G)\n",
    "    X = G.copy()\n",
    "\n",
    "    for k in range(1, max_iteracoes + 1):\n",
    "\n",
    "        R = X - delta_S\n",
    "        \n",
    "        # Projeta no subconjunto semidefinido\n",
    "        Y = projecao_S(R)\n",
    "        \n",
    "\n",
    "        delta_S = Y - R\n",
    "        print(\"Iteração\", k,X)\n",
    "        # Projeta no subconjunto de diagonal unitária\n",
    "        X = projecao_U(Y)\n",
    "    \n",
    "    return X\n",
    "\n",
    "# Exemplo de uso\n"
   ]
  },
  {
   "cell_type": "code",
   "execution_count": null,
   "metadata": {},
   "outputs": [],
   "source": [
    "#crie uma matriz G 4x4 e teste com as funções projeções alternadas e sm_ncm\n",
    "G = np.random.randn(4, 4)\n",
    "G = G @ G.T\n",
    "X = projecoes_alternadas(G)\n",
    "print(X)\n",
    "X, iter = nearest_correlation_matrix(X, G, 1000, 1e-6)\n",
    "print(X)\n",
    "\n",
    "\n"
   ]
  },
  {
   "cell_type": "code",
   "execution_count": 3,
   "metadata": {},
   "outputs": [],
   "source": [
    "new_matrix = np.array([\n",
    "    [2, -1, 0, 0],\n",
    "    [-1, 2, -1, 0],\n",
    "    [0, -1, 2, -1],\n",
    "    [0, 0, -1, 2]\n",
    "])"
   ]
  },
  {
   "cell_type": "code",
   "execution_count": 4,
   "metadata": {},
   "outputs": [
    {
     "name": "stdout",
     "output_type": "stream",
     "text": [
      "Iteração 1 [[ 2 -1  0  0]\n",
      " [-1  2 -1  0]\n",
      " [ 0 -1  2 -1]\n",
      " [ 0  0 -1  2]]\n",
      "Iteração 2 [[ 1.00000000e+00 -1.00000000e+00  0.00000000e+00 -2.22044605e-16]\n",
      " [-1.00000000e+00  1.00000000e+00 -1.00000000e+00 -6.10622664e-16]\n",
      " [-1.11022302e-16 -1.00000000e+00  1.00000000e+00 -1.00000000e+00]\n",
      " [ 0.00000000e+00 -6.66133815e-16 -1.00000000e+00  1.00000000e+00]]\n",
      "Iteração 3 [[ 1.        -0.8618034  0.1381966  0.0854102]\n",
      " [-0.8618034  1.        -0.7763932  0.1381966]\n",
      " [ 0.1381966 -0.7763932  1.        -0.8618034]\n",
      " [ 0.0854102  0.1381966 -0.8618034  1.       ]]\n",
      "Iteração 4 [[ 1.         -0.82506789  0.17493211  0.10172275]\n",
      " [-0.82506789  1.         -0.69917013  0.17493211]\n",
      " [ 0.17493211 -0.69917013  1.         -0.82506789]\n",
      " [ 0.10172275  0.17493211 -0.82506789  1.        ]]\n",
      "Iteração 5 [[ 1.         -0.81405097  0.18594903  0.10532286]\n",
      " [-0.81405097  1.         -0.67170433  0.18594903]\n",
      " [ 0.18594903 -0.67170433  1.         -0.81405097]\n",
      " [ 0.10532286  0.18594903 -0.81405097  1.        ]]\n",
      "Iteração 6 [[ 1.         -0.81040029  0.18959971  0.10630004]\n",
      " [-0.81040029  1.         -0.66182467  0.18959971]\n",
      " [ 0.18959971 -0.66182467  1.         -0.81040029]\n",
      " [ 0.10630004  0.18959971 -0.81040029  1.        ]]\n",
      "Iteração 7 [[ 1.         -0.80912505  0.19087495  0.10660979]\n",
      " [-0.80912505  1.         -0.65825607  0.19087495]\n",
      " [ 0.19087495 -0.65825607  1.         -0.80912505]\n",
      " [ 0.10660979  0.19087495 -0.80912505  1.        ]]\n",
      "Iteração 8 [[ 1.         -0.80866954  0.19133046  0.1067161 ]\n",
      " [-0.80866954  1.         -0.65696512  0.19133046]\n",
      " [ 0.19133046 -0.65696512  1.         -0.80866954]\n",
      " [ 0.1067161   0.19133046 -0.80866954  1.        ]]\n",
      "Iteração 9 [[ 1.         -0.80850544  0.19149456  0.10675382]\n",
      " [-0.80850544  1.         -0.65649786  0.19149456]\n",
      " [ 0.19149456 -0.65649786  1.         -0.80850544]\n",
      " [ 0.10675382  0.19149456 -0.80850544  1.        ]]\n",
      "Iteração 10 [[ 1.         -0.80844613  0.19155387  0.10676738]\n",
      " [-0.80844613  1.         -0.6563287   0.19155387]\n",
      " [ 0.19155387 -0.6563287   1.         -0.80844613]\n",
      " [ 0.10676738  0.19155387 -0.80844613  1.        ]]\n",
      "Iteração 11 [[ 1.         -0.80842467  0.19157533  0.10677227]\n",
      " [-0.80842467  1.         -0.65626745  0.19157533]\n",
      " [ 0.19157533 -0.65626745  1.         -0.80842467]\n",
      " [ 0.10677227  0.19157533 -0.80842467  1.        ]]\n",
      "Iteração 12 [[ 1.         -0.80841691  0.19158309  0.10677404]\n",
      " [-0.80841691  1.         -0.65624528  0.19158309]\n",
      " [ 0.19158309 -0.65624528  1.         -0.80841691]\n",
      " [ 0.10677404  0.19158309 -0.80841691  1.        ]]\n",
      "Iteração 13 [[ 1.         -0.80841409  0.19158591  0.10677469]\n",
      " [-0.80841409  1.         -0.65623725  0.19158591]\n",
      " [ 0.19158591 -0.65623725  1.         -0.80841409]\n",
      " [ 0.10677469  0.19158591 -0.80841409  1.        ]]\n",
      "Iteração 14 [[ 1.         -0.80841308  0.19158692  0.10677492]\n",
      " [-0.80841308  1.         -0.65623434  0.19158692]\n",
      " [ 0.19158692 -0.65623434  1.         -0.80841308]\n",
      " [ 0.10677492  0.19158692 -0.80841308  1.        ]]\n",
      "Iteração 15 [[ 1.         -0.80841271  0.19158729  0.106775  ]\n",
      " [-0.80841271  1.         -0.65623329  0.19158729]\n",
      " [ 0.19158729 -0.65623329  1.         -0.80841271]\n",
      " [ 0.106775    0.19158729 -0.80841271  1.        ]]\n",
      "Iteração 16 [[ 1.         -0.80841257  0.19158743  0.10677503]\n",
      " [-0.80841257  1.         -0.65623291  0.19158743]\n",
      " [ 0.19158743 -0.65623291  1.         -0.80841257]\n",
      " [ 0.10677503  0.19158743 -0.80841257  1.        ]]\n",
      "Iteração 17 [[ 1.         -0.80841253  0.19158747  0.10677504]\n",
      " [-0.80841253  1.         -0.65623277  0.19158747]\n",
      " [ 0.19158747 -0.65623277  1.         -0.80841253]\n",
      " [ 0.10677504  0.19158747 -0.80841253  1.        ]]\n",
      "Iteração 18 [[ 1.         -0.80841251  0.19158749  0.10677505]\n",
      " [-0.80841251  1.         -0.65623272  0.19158749]\n",
      " [ 0.19158749 -0.65623272  1.         -0.80841251]\n",
      " [ 0.10677505  0.19158749 -0.80841251  1.        ]]\n",
      "Iteração 19 [[ 1.         -0.8084125   0.1915875   0.10677505]\n",
      " [-0.8084125   1.         -0.65623271  0.1915875 ]\n",
      " [ 0.1915875  -0.65623271  1.         -0.8084125 ]\n",
      " [ 0.10677505  0.1915875  -0.8084125   1.        ]]\n",
      "Iteração 20 [[ 1.         -0.8084125   0.1915875   0.10677505]\n",
      " [-0.8084125   1.         -0.6562327   0.1915875 ]\n",
      " [ 0.1915875  -0.6562327   1.         -0.8084125 ]\n",
      " [ 0.10677505  0.1915875  -0.8084125   1.        ]]\n",
      "Iteração 21 [[ 1.         -0.8084125   0.1915875   0.10677505]\n",
      " [-0.8084125   1.         -0.6562327   0.1915875 ]\n",
      " [ 0.1915875  -0.6562327   1.         -0.8084125 ]\n",
      " [ 0.10677505  0.1915875  -0.8084125   1.        ]]\n",
      "Iteração 22 [[ 1.         -0.8084125   0.1915875   0.10677505]\n",
      " [-0.8084125   1.         -0.6562327   0.1915875 ]\n",
      " [ 0.1915875  -0.6562327   1.         -0.8084125 ]\n",
      " [ 0.10677505  0.1915875  -0.8084125   1.        ]]\n",
      "Iteração 23 [[ 1.         -0.8084125   0.1915875   0.10677505]\n",
      " [-0.8084125   1.         -0.65623269  0.1915875 ]\n",
      " [ 0.1915875  -0.65623269  1.         -0.8084125 ]\n",
      " [ 0.10677505  0.1915875  -0.8084125   1.        ]]\n",
      "Iteração 24 [[ 1.         -0.8084125   0.1915875   0.10677505]\n",
      " [-0.8084125   1.         -0.65623269  0.1915875 ]\n",
      " [ 0.1915875  -0.65623269  1.         -0.8084125 ]\n",
      " [ 0.10677505  0.1915875  -0.8084125   1.        ]]\n",
      "Iteração 25 [[ 1.         -0.8084125   0.1915875   0.10677505]\n",
      " [-0.8084125   1.         -0.65623269  0.1915875 ]\n",
      " [ 0.1915875  -0.65623269  1.         -0.8084125 ]\n",
      " [ 0.10677505  0.1915875  -0.8084125   1.        ]]\n",
      "Iteração 26 [[ 1.         -0.8084125   0.1915875   0.10677505]\n",
      " [-0.8084125   1.         -0.65623269  0.1915875 ]\n",
      " [ 0.1915875  -0.65623269  1.         -0.8084125 ]\n",
      " [ 0.10677505  0.1915875  -0.8084125   1.        ]]\n",
      "Iteração 27 [[ 1.         -0.8084125   0.1915875   0.10677505]\n",
      " [-0.8084125   1.         -0.65623269  0.1915875 ]\n",
      " [ 0.1915875  -0.65623269  1.         -0.8084125 ]\n",
      " [ 0.10677505  0.1915875  -0.8084125   1.        ]]\n",
      "Iteração 28 [[ 1.         -0.8084125   0.1915875   0.10677505]\n",
      " [-0.8084125   1.         -0.65623269  0.1915875 ]\n",
      " [ 0.1915875  -0.65623269  1.         -0.8084125 ]\n",
      " [ 0.10677505  0.1915875  -0.8084125   1.        ]]\n",
      "Iteração 29 [[ 1.         -0.8084125   0.1915875   0.10677505]\n",
      " [-0.8084125   1.         -0.65623269  0.1915875 ]\n",
      " [ 0.1915875  -0.65623269  1.         -0.8084125 ]\n",
      " [ 0.10677505  0.1915875  -0.8084125   1.        ]]\n",
      "Iteração 30 [[ 1.         -0.8084125   0.1915875   0.10677505]\n",
      " [-0.8084125   1.         -0.65623269  0.1915875 ]\n",
      " [ 0.1915875  -0.65623269  1.         -0.8084125 ]\n",
      " [ 0.10677505  0.1915875  -0.8084125   1.        ]]\n",
      "Iteração 31 [[ 1.         -0.8084125   0.1915875   0.10677505]\n",
      " [-0.8084125   1.         -0.65623269  0.1915875 ]\n",
      " [ 0.1915875  -0.65623269  1.         -0.8084125 ]\n",
      " [ 0.10677505  0.1915875  -0.8084125   1.        ]]\n",
      "Iteração 32 [[ 1.         -0.8084125   0.1915875   0.10677505]\n",
      " [-0.8084125   1.         -0.65623269  0.1915875 ]\n",
      " [ 0.1915875  -0.65623269  1.         -0.8084125 ]\n",
      " [ 0.10677505  0.1915875  -0.8084125   1.        ]]\n",
      "Iteração 33 [[ 1.         -0.8084125   0.1915875   0.10677505]\n",
      " [-0.8084125   1.         -0.65623269  0.1915875 ]\n",
      " [ 0.1915875  -0.65623269  1.         -0.8084125 ]\n",
      " [ 0.10677505  0.1915875  -0.8084125   1.        ]]\n",
      "Iteração 34 [[ 1.         -0.8084125   0.1915875   0.10677505]\n",
      " [-0.8084125   1.         -0.65623269  0.1915875 ]\n",
      " [ 0.1915875  -0.65623269  1.         -0.8084125 ]\n",
      " [ 0.10677505  0.1915875  -0.8084125   1.        ]]\n",
      "Iteração 35 [[ 1.         -0.8084125   0.1915875   0.10677505]\n",
      " [-0.8084125   1.         -0.65623269  0.1915875 ]\n",
      " [ 0.1915875  -0.65623269  1.         -0.8084125 ]\n",
      " [ 0.10677505  0.1915875  -0.8084125   1.        ]]\n",
      "Iteração 36 [[ 1.         -0.8084125   0.1915875   0.10677505]\n",
      " [-0.8084125   1.         -0.65623269  0.1915875 ]\n",
      " [ 0.1915875  -0.65623269  1.         -0.8084125 ]\n",
      " [ 0.10677505  0.1915875  -0.8084125   1.        ]]\n",
      "Iteração 37 [[ 1.         -0.8084125   0.1915875   0.10677505]\n",
      " [-0.8084125   1.         -0.65623269  0.1915875 ]\n",
      " [ 0.1915875  -0.65623269  1.         -0.8084125 ]\n",
      " [ 0.10677505  0.1915875  -0.8084125   1.        ]]\n",
      "Iteração 38 [[ 1.         -0.8084125   0.1915875   0.10677505]\n",
      " [-0.8084125   1.         -0.65623269  0.1915875 ]\n",
      " [ 0.1915875  -0.65623269  1.         -0.8084125 ]\n",
      " [ 0.10677505  0.1915875  -0.8084125   1.        ]]\n",
      "Iteração 39 [[ 1.         -0.8084125   0.1915875   0.10677505]\n",
      " [-0.8084125   1.         -0.65623269  0.1915875 ]\n",
      " [ 0.1915875  -0.65623269  1.         -0.8084125 ]\n",
      " [ 0.10677505  0.1915875  -0.8084125   1.        ]]\n",
      "Iteração 40 [[ 1.         -0.8084125   0.1915875   0.10677505]\n",
      " [-0.8084125   1.         -0.65623269  0.1915875 ]\n",
      " [ 0.1915875  -0.65623269  1.         -0.8084125 ]\n",
      " [ 0.10677505  0.1915875  -0.8084125   1.        ]]\n",
      "Iteração 41 [[ 1.         -0.8084125   0.1915875   0.10677505]\n",
      " [-0.8084125   1.         -0.65623269  0.1915875 ]\n",
      " [ 0.1915875  -0.65623269  1.         -0.8084125 ]\n",
      " [ 0.10677505  0.1915875  -0.8084125   1.        ]]\n",
      "Iteração 42 [[ 1.         -0.8084125   0.1915875   0.10677505]\n",
      " [-0.8084125   1.         -0.65623269  0.1915875 ]\n",
      " [ 0.1915875  -0.65623269  1.         -0.8084125 ]\n",
      " [ 0.10677505  0.1915875  -0.8084125   1.        ]]\n",
      "Iteração 43 [[ 1.         -0.8084125   0.1915875   0.10677505]\n",
      " [-0.8084125   1.         -0.65623269  0.1915875 ]\n",
      " [ 0.1915875  -0.65623269  1.         -0.8084125 ]\n",
      " [ 0.10677505  0.1915875  -0.8084125   1.        ]]\n",
      "Iteração 44 [[ 1.         -0.8084125   0.1915875   0.10677505]\n",
      " [-0.8084125   1.         -0.65623269  0.1915875 ]\n",
      " [ 0.1915875  -0.65623269  1.         -0.8084125 ]\n",
      " [ 0.10677505  0.1915875  -0.8084125   1.        ]]\n",
      "Iteração 45 [[ 1.         -0.8084125   0.1915875   0.10677505]\n",
      " [-0.8084125   1.         -0.65623269  0.1915875 ]\n",
      " [ 0.1915875  -0.65623269  1.         -0.8084125 ]\n",
      " [ 0.10677505  0.1915875  -0.8084125   1.        ]]\n",
      "Iteração 46 [[ 1.         -0.8084125   0.1915875   0.10677505]\n",
      " [-0.8084125   1.         -0.65623269  0.1915875 ]\n",
      " [ 0.1915875  -0.65623269  1.         -0.8084125 ]\n",
      " [ 0.10677505  0.1915875  -0.8084125   1.        ]]\n",
      "Iteração 47 [[ 1.         -0.8084125   0.1915875   0.10677505]\n",
      " [-0.8084125   1.         -0.65623269  0.1915875 ]\n",
      " [ 0.1915875  -0.65623269  1.         -0.8084125 ]\n",
      " [ 0.10677505  0.1915875  -0.8084125   1.        ]]\n",
      "Iteração 48 [[ 1.         -0.8084125   0.1915875   0.10677505]\n",
      " [-0.8084125   1.         -0.65623269  0.1915875 ]\n",
      " [ 0.1915875  -0.65623269  1.         -0.8084125 ]\n",
      " [ 0.10677505  0.1915875  -0.8084125   1.        ]]\n",
      "Iteração 49 [[ 1.         -0.8084125   0.1915875   0.10677505]\n",
      " [-0.8084125   1.         -0.65623269  0.1915875 ]\n",
      " [ 0.1915875  -0.65623269  1.         -0.8084125 ]\n",
      " [ 0.10677505  0.1915875  -0.8084125   1.        ]]\n",
      "Iteração 50 [[ 1.         -0.8084125   0.1915875   0.10677505]\n",
      " [-0.8084125   1.         -0.65623269  0.1915875 ]\n",
      " [ 0.1915875  -0.65623269  1.         -0.8084125 ]\n",
      " [ 0.10677505  0.1915875  -0.8084125   1.        ]]\n",
      "Iteração 51 [[ 1.         -0.8084125   0.1915875   0.10677505]\n",
      " [-0.8084125   1.         -0.65623269  0.1915875 ]\n",
      " [ 0.1915875  -0.65623269  1.         -0.8084125 ]\n",
      " [ 0.10677505  0.1915875  -0.8084125   1.        ]]\n",
      "Iteração 52 [[ 1.         -0.8084125   0.1915875   0.10677505]\n",
      " [-0.8084125   1.         -0.65623269  0.1915875 ]\n",
      " [ 0.1915875  -0.65623269  1.         -0.8084125 ]\n",
      " [ 0.10677505  0.1915875  -0.8084125   1.        ]]\n",
      "Iteração 53 [[ 1.         -0.8084125   0.1915875   0.10677505]\n",
      " [-0.8084125   1.         -0.65623269  0.1915875 ]\n",
      " [ 0.1915875  -0.65623269  1.         -0.8084125 ]\n",
      " [ 0.10677505  0.1915875  -0.8084125   1.        ]]\n",
      "Iteração 54 [[ 1.         -0.8084125   0.1915875   0.10677505]\n",
      " [-0.8084125   1.         -0.65623269  0.1915875 ]\n",
      " [ 0.1915875  -0.65623269  1.         -0.8084125 ]\n",
      " [ 0.10677505  0.1915875  -0.8084125   1.        ]]\n",
      "Iteração 55 [[ 1.         -0.8084125   0.1915875   0.10677505]\n",
      " [-0.8084125   1.         -0.65623269  0.1915875 ]\n",
      " [ 0.1915875  -0.65623269  1.         -0.8084125 ]\n",
      " [ 0.10677505  0.1915875  -0.8084125   1.        ]]\n",
      "Iteração 56 [[ 1.         -0.8084125   0.1915875   0.10677505]\n",
      " [-0.8084125   1.         -0.65623269  0.1915875 ]\n",
      " [ 0.1915875  -0.65623269  1.         -0.8084125 ]\n",
      " [ 0.10677505  0.1915875  -0.8084125   1.        ]]\n",
      "Iteração 57 [[ 1.         -0.8084125   0.1915875   0.10677505]\n",
      " [-0.8084125   1.         -0.65623269  0.1915875 ]\n",
      " [ 0.1915875  -0.65623269  1.         -0.8084125 ]\n",
      " [ 0.10677505  0.1915875  -0.8084125   1.        ]]\n",
      "Iteração 58 [[ 1.         -0.8084125   0.1915875   0.10677505]\n",
      " [-0.8084125   1.         -0.65623269  0.1915875 ]\n",
      " [ 0.1915875  -0.65623269  1.         -0.8084125 ]\n",
      " [ 0.10677505  0.1915875  -0.8084125   1.        ]]\n",
      "Iteração 59 [[ 1.         -0.8084125   0.1915875   0.10677505]\n",
      " [-0.8084125   1.         -0.65623269  0.1915875 ]\n",
      " [ 0.1915875  -0.65623269  1.         -0.8084125 ]\n",
      " [ 0.10677505  0.1915875  -0.8084125   1.        ]]\n",
      "Iteração 60 [[ 1.         -0.8084125   0.1915875   0.10677505]\n",
      " [-0.8084125   1.         -0.65623269  0.1915875 ]\n",
      " [ 0.1915875  -0.65623269  1.         -0.8084125 ]\n",
      " [ 0.10677505  0.1915875  -0.8084125   1.        ]]\n",
      "Iteração 61 [[ 1.         -0.8084125   0.1915875   0.10677505]\n",
      " [-0.8084125   1.         -0.65623269  0.1915875 ]\n",
      " [ 0.1915875  -0.65623269  1.         -0.8084125 ]\n",
      " [ 0.10677505  0.1915875  -0.8084125   1.        ]]\n",
      "Iteração 62 [[ 1.         -0.8084125   0.1915875   0.10677505]\n",
      " [-0.8084125   1.         -0.65623269  0.1915875 ]\n",
      " [ 0.1915875  -0.65623269  1.         -0.8084125 ]\n",
      " [ 0.10677505  0.1915875  -0.8084125   1.        ]]\n",
      "Iteração 63 [[ 1.         -0.8084125   0.1915875   0.10677505]\n",
      " [-0.8084125   1.         -0.65623269  0.1915875 ]\n",
      " [ 0.1915875  -0.65623269  1.         -0.8084125 ]\n",
      " [ 0.10677505  0.1915875  -0.8084125   1.        ]]\n",
      "Iteração 64 [[ 1.         -0.8084125   0.1915875   0.10677505]\n",
      " [-0.8084125   1.         -0.65623269  0.1915875 ]\n",
      " [ 0.1915875  -0.65623269  1.         -0.8084125 ]\n",
      " [ 0.10677505  0.1915875  -0.8084125   1.        ]]\n",
      "Iteração 65 [[ 1.         -0.8084125   0.1915875   0.10677505]\n",
      " [-0.8084125   1.         -0.65623269  0.1915875 ]\n",
      " [ 0.1915875  -0.65623269  1.         -0.8084125 ]\n",
      " [ 0.10677505  0.1915875  -0.8084125   1.        ]]\n",
      "Iteração 66 [[ 1.         -0.8084125   0.1915875   0.10677505]\n",
      " [-0.8084125   1.         -0.65623269  0.1915875 ]\n",
      " [ 0.1915875  -0.65623269  1.         -0.8084125 ]\n",
      " [ 0.10677505  0.1915875  -0.8084125   1.        ]]\n",
      "Iteração 67 [[ 1.         -0.8084125   0.1915875   0.10677505]\n",
      " [-0.8084125   1.         -0.65623269  0.1915875 ]\n",
      " [ 0.1915875  -0.65623269  1.         -0.8084125 ]\n",
      " [ 0.10677505  0.1915875  -0.8084125   1.        ]]\n",
      "Iteração 68 [[ 1.         -0.8084125   0.1915875   0.10677505]\n",
      " [-0.8084125   1.         -0.65623269  0.1915875 ]\n",
      " [ 0.1915875  -0.65623269  1.         -0.8084125 ]\n",
      " [ 0.10677505  0.1915875  -0.8084125   1.        ]]\n",
      "Iteração 69 [[ 1.         -0.8084125   0.1915875   0.10677505]\n",
      " [-0.8084125   1.         -0.65623269  0.1915875 ]\n",
      " [ 0.1915875  -0.65623269  1.         -0.8084125 ]\n",
      " [ 0.10677505  0.1915875  -0.8084125   1.        ]]\n",
      "Iteração 70 [[ 1.         -0.8084125   0.1915875   0.10677505]\n",
      " [-0.8084125   1.         -0.65623269  0.1915875 ]\n",
      " [ 0.1915875  -0.65623269  1.         -0.8084125 ]\n",
      " [ 0.10677505  0.1915875  -0.8084125   1.        ]]\n",
      "Iteração 71 [[ 1.         -0.8084125   0.1915875   0.10677505]\n",
      " [-0.8084125   1.         -0.65623269  0.1915875 ]\n",
      " [ 0.1915875  -0.65623269  1.         -0.8084125 ]\n",
      " [ 0.10677505  0.1915875  -0.8084125   1.        ]]\n",
      "Iteração 72 [[ 1.         -0.8084125   0.1915875   0.10677505]\n",
      " [-0.8084125   1.         -0.65623269  0.1915875 ]\n",
      " [ 0.1915875  -0.65623269  1.         -0.8084125 ]\n",
      " [ 0.10677505  0.1915875  -0.8084125   1.        ]]\n",
      "Iteração 73 [[ 1.         -0.8084125   0.1915875   0.10677505]\n",
      " [-0.8084125   1.         -0.65623269  0.1915875 ]\n",
      " [ 0.1915875  -0.65623269  1.         -0.8084125 ]\n",
      " [ 0.10677505  0.1915875  -0.8084125   1.        ]]\n",
      "Iteração 74 [[ 1.         -0.8084125   0.1915875   0.10677505]\n",
      " [-0.8084125   1.         -0.65623269  0.1915875 ]\n",
      " [ 0.1915875  -0.65623269  1.         -0.8084125 ]\n",
      " [ 0.10677505  0.1915875  -0.8084125   1.        ]]\n",
      "Iteração 75 [[ 1.         -0.8084125   0.1915875   0.10677505]\n",
      " [-0.8084125   1.         -0.65623269  0.1915875 ]\n",
      " [ 0.1915875  -0.65623269  1.         -0.8084125 ]\n",
      " [ 0.10677505  0.1915875  -0.8084125   1.        ]]\n",
      "Iteração 76 [[ 1.         -0.8084125   0.1915875   0.10677505]\n",
      " [-0.8084125   1.         -0.65623269  0.1915875 ]\n",
      " [ 0.1915875  -0.65623269  1.         -0.8084125 ]\n",
      " [ 0.10677505  0.1915875  -0.8084125   1.        ]]\n",
      "Iteração 77 [[ 1.         -0.8084125   0.1915875   0.10677505]\n",
      " [-0.8084125   1.         -0.65623269  0.1915875 ]\n",
      " [ 0.1915875  -0.65623269  1.         -0.8084125 ]\n",
      " [ 0.10677505  0.1915875  -0.8084125   1.        ]]\n",
      "Iteração 78 [[ 1.         -0.8084125   0.1915875   0.10677505]\n",
      " [-0.8084125   1.         -0.65623269  0.1915875 ]\n",
      " [ 0.1915875  -0.65623269  1.         -0.8084125 ]\n",
      " [ 0.10677505  0.1915875  -0.8084125   1.        ]]\n",
      "Iteração 79 [[ 1.         -0.8084125   0.1915875   0.10677505]\n",
      " [-0.8084125   1.         -0.65623269  0.1915875 ]\n",
      " [ 0.1915875  -0.65623269  1.         -0.8084125 ]\n",
      " [ 0.10677505  0.1915875  -0.8084125   1.        ]]\n",
      "Iteração 80 [[ 1.         -0.8084125   0.1915875   0.10677505]\n",
      " [-0.8084125   1.         -0.65623269  0.1915875 ]\n",
      " [ 0.1915875  -0.65623269  1.         -0.8084125 ]\n",
      " [ 0.10677505  0.1915875  -0.8084125   1.        ]]\n",
      "Iteração 81 [[ 1.         -0.8084125   0.1915875   0.10677505]\n",
      " [-0.8084125   1.         -0.65623269  0.1915875 ]\n",
      " [ 0.1915875  -0.65623269  1.         -0.8084125 ]\n",
      " [ 0.10677505  0.1915875  -0.8084125   1.        ]]\n",
      "Iteração 82 [[ 1.         -0.8084125   0.1915875   0.10677505]\n",
      " [-0.8084125   1.         -0.65623269  0.1915875 ]\n",
      " [ 0.1915875  -0.65623269  1.         -0.8084125 ]\n",
      " [ 0.10677505  0.1915875  -0.8084125   1.        ]]\n",
      "Iteração 83 [[ 1.         -0.8084125   0.1915875   0.10677505]\n",
      " [-0.8084125   1.         -0.65623269  0.1915875 ]\n",
      " [ 0.1915875  -0.65623269  1.         -0.8084125 ]\n",
      " [ 0.10677505  0.1915875  -0.8084125   1.        ]]\n",
      "Iteração 84 [[ 1.         -0.8084125   0.1915875   0.10677505]\n",
      " [-0.8084125   1.         -0.65623269  0.1915875 ]\n",
      " [ 0.1915875  -0.65623269  1.         -0.8084125 ]\n",
      " [ 0.10677505  0.1915875  -0.8084125   1.        ]]\n",
      "Iteração 85 [[ 1.         -0.8084125   0.1915875   0.10677505]\n",
      " [-0.8084125   1.         -0.65623269  0.1915875 ]\n",
      " [ 0.1915875  -0.65623269  1.         -0.8084125 ]\n",
      " [ 0.10677505  0.1915875  -0.8084125   1.        ]]\n",
      "Iteração 86 [[ 1.         -0.8084125   0.1915875   0.10677505]\n",
      " [-0.8084125   1.         -0.65623269  0.1915875 ]\n",
      " [ 0.1915875  -0.65623269  1.         -0.8084125 ]\n",
      " [ 0.10677505  0.1915875  -0.8084125   1.        ]]\n",
      "Iteração 87 [[ 1.         -0.8084125   0.1915875   0.10677505]\n",
      " [-0.8084125   1.         -0.65623269  0.1915875 ]\n",
      " [ 0.1915875  -0.65623269  1.         -0.8084125 ]\n",
      " [ 0.10677505  0.1915875  -0.8084125   1.        ]]\n",
      "Iteração 88 [[ 1.         -0.8084125   0.1915875   0.10677505]\n",
      " [-0.8084125   1.         -0.65623269  0.1915875 ]\n",
      " [ 0.1915875  -0.65623269  1.         -0.8084125 ]\n",
      " [ 0.10677505  0.1915875  -0.8084125   1.        ]]\n",
      "Iteração 89 [[ 1.         -0.8084125   0.1915875   0.10677505]\n",
      " [-0.8084125   1.         -0.65623269  0.1915875 ]\n",
      " [ 0.1915875  -0.65623269  1.         -0.8084125 ]\n",
      " [ 0.10677505  0.1915875  -0.8084125   1.        ]]\n",
      "Iteração 90 [[ 1.         -0.8084125   0.1915875   0.10677505]\n",
      " [-0.8084125   1.         -0.65623269  0.1915875 ]\n",
      " [ 0.1915875  -0.65623269  1.         -0.8084125 ]\n",
      " [ 0.10677505  0.1915875  -0.8084125   1.        ]]\n",
      "Iteração 91 [[ 1.         -0.8084125   0.1915875   0.10677505]\n",
      " [-0.8084125   1.         -0.65623269  0.1915875 ]\n",
      " [ 0.1915875  -0.65623269  1.         -0.8084125 ]\n",
      " [ 0.10677505  0.1915875  -0.8084125   1.        ]]\n",
      "Iteração 92 [[ 1.         -0.8084125   0.1915875   0.10677505]\n",
      " [-0.8084125   1.         -0.65623269  0.1915875 ]\n",
      " [ 0.1915875  -0.65623269  1.         -0.8084125 ]\n",
      " [ 0.10677505  0.1915875  -0.8084125   1.        ]]\n",
      "Iteração 93 [[ 1.         -0.8084125   0.1915875   0.10677505]\n",
      " [-0.8084125   1.         -0.65623269  0.1915875 ]\n",
      " [ 0.1915875  -0.65623269  1.         -0.8084125 ]\n",
      " [ 0.10677505  0.1915875  -0.8084125   1.        ]]\n",
      "Iteração 94 [[ 1.         -0.8084125   0.1915875   0.10677505]\n",
      " [-0.8084125   1.         -0.65623269  0.1915875 ]\n",
      " [ 0.1915875  -0.65623269  1.         -0.8084125 ]\n",
      " [ 0.10677505  0.1915875  -0.8084125   1.        ]]\n",
      "Iteração 95 [[ 1.         -0.8084125   0.1915875   0.10677505]\n",
      " [-0.8084125   1.         -0.65623269  0.1915875 ]\n",
      " [ 0.1915875  -0.65623269  1.         -0.8084125 ]\n",
      " [ 0.10677505  0.1915875  -0.8084125   1.        ]]\n",
      "Iteração 96 [[ 1.         -0.8084125   0.1915875   0.10677505]\n",
      " [-0.8084125   1.         -0.65623269  0.1915875 ]\n",
      " [ 0.1915875  -0.65623269  1.         -0.8084125 ]\n",
      " [ 0.10677505  0.1915875  -0.8084125   1.        ]]\n",
      "Iteração 97 [[ 1.         -0.8084125   0.1915875   0.10677505]\n",
      " [-0.8084125   1.         -0.65623269  0.1915875 ]\n",
      " [ 0.1915875  -0.65623269  1.         -0.8084125 ]\n",
      " [ 0.10677505  0.1915875  -0.8084125   1.        ]]\n",
      "Iteração 98 [[ 1.         -0.8084125   0.1915875   0.10677505]\n",
      " [-0.8084125   1.         -0.65623269  0.1915875 ]\n",
      " [ 0.1915875  -0.65623269  1.         -0.8084125 ]\n",
      " [ 0.10677505  0.1915875  -0.8084125   1.        ]]\n",
      "Iteração 99 [[ 1.         -0.8084125   0.1915875   0.10677505]\n",
      " [-0.8084125   1.         -0.65623269  0.1915875 ]\n",
      " [ 0.1915875  -0.65623269  1.         -0.8084125 ]\n",
      " [ 0.10677505  0.1915875  -0.8084125   1.        ]]\n",
      "Iteração 100 [[ 1.         -0.8084125   0.1915875   0.10677505]\n",
      " [-0.8084125   1.         -0.65623269  0.1915875 ]\n",
      " [ 0.1915875  -0.65623269  1.         -0.8084125 ]\n",
      " [ 0.10677505  0.1915875  -0.8084125   1.        ]]\n",
      "Iteração 101 [[ 1.         -0.8084125   0.1915875   0.10677505]\n",
      " [-0.8084125   1.         -0.65623269  0.1915875 ]\n",
      " [ 0.1915875  -0.65623269  1.         -0.8084125 ]\n",
      " [ 0.10677505  0.1915875  -0.8084125   1.        ]]\n",
      "Iteração 102 [[ 1.         -0.8084125   0.1915875   0.10677505]\n",
      " [-0.8084125   1.         -0.65623269  0.1915875 ]\n",
      " [ 0.1915875  -0.65623269  1.         -0.8084125 ]\n",
      " [ 0.10677505  0.1915875  -0.8084125   1.        ]]\n",
      "Iteração 103 [[ 1.         -0.8084125   0.1915875   0.10677505]\n",
      " [-0.8084125   1.         -0.65623269  0.1915875 ]\n",
      " [ 0.1915875  -0.65623269  1.         -0.8084125 ]\n",
      " [ 0.10677505  0.1915875  -0.8084125   1.        ]]\n",
      "Iteração 104 [[ 1.         -0.8084125   0.1915875   0.10677505]\n",
      " [-0.8084125   1.         -0.65623269  0.1915875 ]\n",
      " [ 0.1915875  -0.65623269  1.         -0.8084125 ]\n",
      " [ 0.10677505  0.1915875  -0.8084125   1.        ]]\n",
      "Iteração 105 [[ 1.         -0.8084125   0.1915875   0.10677505]\n",
      " [-0.8084125   1.         -0.65623269  0.1915875 ]\n",
      " [ 0.1915875  -0.65623269  1.         -0.8084125 ]\n",
      " [ 0.10677505  0.1915875  -0.8084125   1.        ]]\n",
      "Iteração 106 [[ 1.         -0.8084125   0.1915875   0.10677505]\n",
      " [-0.8084125   1.         -0.65623269  0.1915875 ]\n",
      " [ 0.1915875  -0.65623269  1.         -0.8084125 ]\n",
      " [ 0.10677505  0.1915875  -0.8084125   1.        ]]\n",
      "Iteração 107 [[ 1.         -0.8084125   0.1915875   0.10677505]\n",
      " [-0.8084125   1.         -0.65623269  0.1915875 ]\n",
      " [ 0.1915875  -0.65623269  1.         -0.8084125 ]\n",
      " [ 0.10677505  0.1915875  -0.8084125   1.        ]]\n",
      "Iteração 108 [[ 1.         -0.8084125   0.1915875   0.10677505]\n",
      " [-0.8084125   1.         -0.65623269  0.1915875 ]\n",
      " [ 0.1915875  -0.65623269  1.         -0.8084125 ]\n",
      " [ 0.10677505  0.1915875  -0.8084125   1.        ]]\n",
      "Iteração 109 [[ 1.         -0.8084125   0.1915875   0.10677505]\n",
      " [-0.8084125   1.         -0.65623269  0.1915875 ]\n",
      " [ 0.1915875  -0.65623269  1.         -0.8084125 ]\n",
      " [ 0.10677505  0.1915875  -0.8084125   1.        ]]\n",
      "Iteração 110 [[ 1.         -0.8084125   0.1915875   0.10677505]\n",
      " [-0.8084125   1.         -0.65623269  0.1915875 ]\n",
      " [ 0.1915875  -0.65623269  1.         -0.8084125 ]\n",
      " [ 0.10677505  0.1915875  -0.8084125   1.        ]]\n",
      "Iteração 111 [[ 1.         -0.8084125   0.1915875   0.10677505]\n",
      " [-0.8084125   1.         -0.65623269  0.1915875 ]\n",
      " [ 0.1915875  -0.65623269  1.         -0.8084125 ]\n",
      " [ 0.10677505  0.1915875  -0.8084125   1.        ]]\n",
      "Iteração 112 [[ 1.         -0.8084125   0.1915875   0.10677505]\n",
      " [-0.8084125   1.         -0.65623269  0.1915875 ]\n",
      " [ 0.1915875  -0.65623269  1.         -0.8084125 ]\n",
      " [ 0.10677505  0.1915875  -0.8084125   1.        ]]\n",
      "Iteração 113 [[ 1.         -0.8084125   0.1915875   0.10677505]\n",
      " [-0.8084125   1.         -0.65623269  0.1915875 ]\n",
      " [ 0.1915875  -0.65623269  1.         -0.8084125 ]\n",
      " [ 0.10677505  0.1915875  -0.8084125   1.        ]]\n",
      "Iteração 114 [[ 1.         -0.8084125   0.1915875   0.10677505]\n",
      " [-0.8084125   1.         -0.65623269  0.1915875 ]\n",
      " [ 0.1915875  -0.65623269  1.         -0.8084125 ]\n",
      " [ 0.10677505  0.1915875  -0.8084125   1.        ]]\n",
      "Iteração 115 [[ 1.         -0.8084125   0.1915875   0.10677505]\n",
      " [-0.8084125   1.         -0.65623269  0.1915875 ]\n",
      " [ 0.1915875  -0.65623269  1.         -0.8084125 ]\n",
      " [ 0.10677505  0.1915875  -0.8084125   1.        ]]\n",
      "Iteração 116 [[ 1.         -0.8084125   0.1915875   0.10677505]\n",
      " [-0.8084125   1.         -0.65623269  0.1915875 ]\n",
      " [ 0.1915875  -0.65623269  1.         -0.8084125 ]\n",
      " [ 0.10677505  0.1915875  -0.8084125   1.        ]]\n",
      "Iteração 117 [[ 1.         -0.8084125   0.1915875   0.10677505]\n",
      " [-0.8084125   1.         -0.65623269  0.1915875 ]\n",
      " [ 0.1915875  -0.65623269  1.         -0.8084125 ]\n",
      " [ 0.10677505  0.1915875  -0.8084125   1.        ]]\n",
      "Iteração 118 [[ 1.         -0.8084125   0.1915875   0.10677505]\n",
      " [-0.8084125   1.         -0.65623269  0.1915875 ]\n",
      " [ 0.1915875  -0.65623269  1.         -0.8084125 ]\n",
      " [ 0.10677505  0.1915875  -0.8084125   1.        ]]\n",
      "Iteração 119 [[ 1.         -0.8084125   0.1915875   0.10677505]\n",
      " [-0.8084125   1.         -0.65623269  0.1915875 ]\n",
      " [ 0.1915875  -0.65623269  1.         -0.8084125 ]\n",
      " [ 0.10677505  0.1915875  -0.8084125   1.        ]]\n",
      "Iteração 120 [[ 1.         -0.8084125   0.1915875   0.10677505]\n",
      " [-0.8084125   1.         -0.65623269  0.1915875 ]\n",
      " [ 0.1915875  -0.65623269  1.         -0.8084125 ]\n",
      " [ 0.10677505  0.1915875  -0.8084125   1.        ]]\n",
      "Iteração 121 [[ 1.         -0.8084125   0.1915875   0.10677505]\n",
      " [-0.8084125   1.         -0.65623269  0.1915875 ]\n",
      " [ 0.1915875  -0.65623269  1.         -0.8084125 ]\n",
      " [ 0.10677505  0.1915875  -0.8084125   1.        ]]\n",
      "Iteração 122 [[ 1.         -0.8084125   0.1915875   0.10677505]\n",
      " [-0.8084125   1.         -0.65623269  0.1915875 ]\n",
      " [ 0.1915875  -0.65623269  1.         -0.8084125 ]\n",
      " [ 0.10677505  0.1915875  -0.8084125   1.        ]]\n",
      "Iteração 123 [[ 1.         -0.8084125   0.1915875   0.10677505]\n",
      " [-0.8084125   1.         -0.65623269  0.1915875 ]\n",
      " [ 0.1915875  -0.65623269  1.         -0.8084125 ]\n",
      " [ 0.10677505  0.1915875  -0.8084125   1.        ]]\n",
      "Iteração 124 [[ 1.         -0.8084125   0.1915875   0.10677505]\n",
      " [-0.8084125   1.         -0.65623269  0.1915875 ]\n",
      " [ 0.1915875  -0.65623269  1.         -0.8084125 ]\n",
      " [ 0.10677505  0.1915875  -0.8084125   1.        ]]\n",
      "Iteração 125 [[ 1.         -0.8084125   0.1915875   0.10677505]\n",
      " [-0.8084125   1.         -0.65623269  0.1915875 ]\n",
      " [ 0.1915875  -0.65623269  1.         -0.8084125 ]\n",
      " [ 0.10677505  0.1915875  -0.8084125   1.        ]]\n",
      "Iteração 126 [[ 1.         -0.8084125   0.1915875   0.10677505]\n",
      " [-0.8084125   1.         -0.65623269  0.1915875 ]\n",
      " [ 0.1915875  -0.65623269  1.         -0.8084125 ]\n",
      " [ 0.10677505  0.1915875  -0.8084125   1.        ]]\n",
      "Iteração 127 [[ 1.         -0.8084125   0.1915875   0.10677505]\n",
      " [-0.8084125   1.         -0.65623269  0.1915875 ]\n",
      " [ 0.1915875  -0.65623269  1.         -0.8084125 ]\n",
      " [ 0.10677505  0.1915875  -0.8084125   1.        ]]\n",
      "Iteração 128 [[ 1.         -0.8084125   0.1915875   0.10677505]\n",
